16.753247
-0.000004
0.000057
0.000006
0.000002
-0.000093
-0.000016
0.000069
-0.000003
-0.000022
-0.000051
0.000097
-0.000094
-0.000057
-0.000024
-0.020060
-0.000045
0.000009
0.000102
0.000048
-0.000004
-0.000066
-0.000039
-0.000045
-0.000032
0.000019
0.000113
0.000046
-0.058369
0.000008
0.000010
0.000065
0.000026
0.000050
0.000028
0.000034
0.000005
0.000015
0.000021
0.000013
0.000031
0.000068
-0.000024
0.000102
0.000053
0.000037
0.000030
-0.000044
0.000034
0.000047
0.000145
0.000202
0.000044
-0.000218
0.000010
-0.000018
-0.000056
0.000083
0.000080
-0.000037
0.000053
0.000121
0.091753
-0.000058
-0.000074
0.000096
0.000053
-0.000072
0.000016
-0.000172
-0.000043
0.000056
0.000120
0.000054
-0.000028
-0.000021
-0.000008
-0.000085
0.000111
-0.000016
0.000000
